ID	Description	GeneRatio	BgRatio	pvalue	p.adjust	qvalue	geneID	Count
GO:0101031	chaperone complex	1/5	20/19659	0.00507690479727874	0.0453067653502249	0.0196376072725433	PTGES3	1
GO:0005697	telomerase holoenzyme complex	1/5	21/19659	0.00533020768826176	0.0453067653502249	0.0196376072725433	PTGES3	1
