ID	Description	GeneRatio	BgRatio	pvalue	p.adjust	qvalue	geneID	Count
GO:0101031	chaperone complex	1/4	20/19659	0.00406348682406477	0.0298643488229348	0.0134726385667375	PTGES3	1
GO:0005697	telomerase holoenzyme complex	1/4	21/19659	0.00426633554613354	0.0298643488229348	0.0134726385667375	PTGES3	1
