ID	Description	GeneRatio	BgRatio	pvalue	p.adjust	qvalue	geneID	Count
GO:0005759	mitochondrial matrix	7/38	462/19659	2.54067273783783e-05	0.00248985928308107	0.00213951388449501	PARK7/GSR/PRDX5/GLRX2/GPX1/TXNRD2/FXN	7
GO:0016605	PML body	3/38	98/19659	0.000892855171035157	0.0376095812953617	0.0323175779122334	PARK7/PIAS4/DAXX	3
GO:1902911	protein kinase complex	3/38	107/19659	0.00115131371312332	0.0376095812953617	0.0323175779122334	CDK5/MAP3K5/CDK5R1	3
