ID	Description	GeneRatio	BgRatio	pvalue	p.adjust	qvalue	geneID	Count
GO:0009295	nucleoid	1/1	43/19659	0.00218729335164547	0.0032809400274682	NA	TFAM	1
GO:0042645	mitochondrial nucleoid	1/1	43/19659	0.00218729335164547	0.0032809400274682	NA	TFAM	1
GO:0005759	mitochondrial matrix	1/1	462/19659	0.0235006867083779	0.0235006867083779	NA	TFAM	1
