ID	Description	GeneRatio	BgRatio	pvalue	p.adjust	qvalue	geneID	Count
GO:0005759	mitochondrial matrix	8/8	462/19659	8.76594197414567e-14	5.2595651844874e-13	1.84546146824119e-13	ACADL/ECI1/ECHS1/ACADM/ACADVL/HADHA/ACADS/DECR1	8
GO:0009295	nucleoid	2/8	43/19659	0.00012976285167198	0.000259525703343961	9.10616502961265e-05	ACADVL/HADHA	2
GO:0042645	mitochondrial nucleoid	2/8	43/19659	0.00012976285167198	0.000259525703343961	9.10616502961265e-05	ACADVL/HADHA	2
GO:0005743	mitochondrial inner membrane	2/8	463/19659	0.0141065282778696	0.0211597924168044	0.0074244885672998	ACADVL/HADHA	2
