ID	Description	GeneRatio	BgRatio	pvalue	p.adjust	qvalue	geneID	Count
GO:0005741	mitochondrial outer membrane	2/8	180/19659	0.00225129840425023	0.00880534621850719	0.00411946021918465	GPAM/GPAT2	2
GO:0031968	organelle outer membrane	2/8	204/19659	0.00287943658592772	0.00880534621850719	0.00411946021918465	GPAM/GPAT2	2
GO:0019867	outer membrane	2/8	206/19659	0.00293511540616906	0.00880534621850719	0.00411946021918465	GPAM/GPAT2	2
