ID	Description	GeneRatio	BgRatio	pvalue	p.adjust	qvalue	geneID	Count
GO:0005758	mitochondrial intermembrane space	2/5	77/19659	0.000150274824790897	0.00210680209945817	0.00106063263588283	CHCHD2/CHCHD4	2
GO:0031970	organelle envelope lumen	2/5	85/19659	0.00018320018256158	0.00210680209945817	0.00106063263588283	CHCHD2/CHCHD4	2
