ID	Description	GeneRatio	BgRatio	pvalue	p.adjust	qvalue	geneID	Count
GO:0030176	integral component of endoplasmic reticulum membrane	2/2	149/19659	5.70620316605675e-05	6.33758062502549e-05	NA	ELOVL4/ELOVL7	2
GO:0031227	intrinsic component of endoplasmic reticulum membrane	2/2	157/19659	6.33758062502549e-05	6.33758062502549e-05	NA	ELOVL4/ELOVL7	2
