ID	Description	GeneRatio	BgRatio	pvalue	p.adjust	qvalue	geneID	Count
GO:0005741	mitochondrial outer membrane	3/7	180/19659	2.57176215613364e-05	0.000461725897173552	0.000310517416227828	DNM1L/PGAM5/MARCH5	3
GO:0031968	organelle outer membrane	3/7	204/19659	3.73734087382925e-05	0.000461725897173552	0.000310517416227828	DNM1L/PGAM5/MARCH5	3
GO:0019867	outer membrane	3/7	206/19659	3.8477158097796e-05	0.000461725897173552	0.000310517416227828	DNM1L/PGAM5/MARCH5	3
